SetDesc: "MMHT 2014 NLO (68% C.L.): evolve with 4 flavours maximum. This set has 51 member PDFs. mem=0 --> central value; mem=1-50 --> 20 eigenvector sets (+/- directions). Website: www.hep.ucl.ac.uk/mmht"
SetIndex: 25410
Authors: L.A. Harland-Lang, A. D. Martin, P. Motylinski and R. S. Thorne
Reference: arXiv:1510.02332
Format: lhagrid1
DataVersion: 2
NumMembers: 51
Particle: 2212
Flavors: [-4, -3, -2, -1, 1, 2, 3, 4, 21]
OrderQCD: 1
FlavorScheme: variable
NumFlavors: 4
ErrorType: hessian
XMin: 1e-06
XMax: 1
QMin: 1
QMax: 31622.8
MZ: 91.1876
MUp: 0
MDown: 0
MStrange: 0
MCharm: 1.4
MBottom: 4.75
MTop: 1e+10
AlphaS_MZ: 0.12
AlphaS_OrderQCD: 1
AlphaS_Type: ipol
AlphaS_Qs: [1.000000e+00, 1.118034e+00, 1.224745e+00, 1.400000e+00, 1.400000e+00, 1.581139e+00, 1.788854e+00, 2.000000e+00, 2.236068e+00, 2.529822e+00, 2.828427e+00, 3.162278e+00, 3.464102e+00, 4.750000e+00, 4.750000e+00, 5.099020e+00, 6.324555e+00, 8.000000e+00, 1.000000e+01, 1.264911e+01, 1.549193e+01, 2.000000e+01, 2.529822e+01, 3.162278e+01, 4.242641e+01, 5.656854e+01, 7.483315e+01, 9.118760e+01, 1.000000e+02, 1.341641e+02, 1.788854e+02, 2.366432e+02, 3.162278e+02, 4.242641e+02, 5.656854e+02, 7.483315e+02, 1.000000e+03, 1.341641e+03, 1.788854e+03, 2.366432e+03, 3.162278e+03, 4.242641e+03, 5.656854e+03, 7.483315e+03, 1.000000e+04, 1.341641e+04, 1.788854e+04, 2.366432e+04, 3.162278e+04]
AlphaS_Vals: [4.878000e-01, 4.440686e-01, 4.142219e-01, 3.775604e-01, 3.775604e-01, 3.522617e-01, 3.300484e-01, 3.123904e-01, 2.966322e-01, 2.810529e-01, 2.683882e-01, 2.568735e-01, 2.482106e-01, 2.224332e-01, 2.224332e-01, 2.178701e-01, 2.051280e-01, 1.928775e-01, 1.825677e-01, 1.728726e-01, 1.653231e-01, 1.567264e-01, 1.495906e-01, 1.434063e-01, 1.360193e-01, 1.295065e-01, 1.237565e-01, 1.199996e-01, 1.183249e-01, 1.132943e-01, 1.087756e-01, 1.047200e-01, 1.008307e-01, 9.717738e-02, 9.385317e-02, 9.083469e-02, 8.790869e-02, 8.513178e-02, 8.258094e-02, 8.024456e-02, 7.796131e-02, 7.577743e-02, 7.375665e-02, 7.189334e-02, 7.006082e-02, 6.829728e-02, 6.665599e-02, 6.513450e-02, 6.363052e-02]
