SetDesc: "MMHT 2014 NLO (68% C.L.): evolve with 3 flavours. This set has 51 member PDFs. mem=0 --> central value; mem=1-50 --> 20 eigenvector sets (+/- directions). Website: www.hep.ucl.ac.uk/mmht"
SetIndex: 25500
Authors: L.A. Harland-Lang, A. D. Martin, P. Motylinski and R. S. Thorne
Reference: arXiv:1510.02332
Format: lhagrid1
DataVersion: 2
NumMembers: 51
Particle: 2212
Flavors: [-3, -2, -1, 1, 2, 3, 21]
OrderQCD: 1
FlavorScheme: variable
NumFlavors: 3
ErrorType: hessian
XMin: 1e-06
XMax: 1
QMin: 1
QMax: 31622.8
MZ: 91.1876
MUp: 0
MDown: 0
MStrange: 0
MCharm: 1.4
MBottom: 4.75
MTop: 1e+10
AlphaS_MZ: 0.106377
AlphaS_OrderQCD: 1
AlphaS_Type: ipol
AlphaS_Qs: [1.000000e+00, 1.118034e+00, 1.224745e+00, 1.400000e+00, 1.400000e+00, 1.581139e+00, 1.788854e+00, 2.000000e+00, 2.236068e+00, 2.529822e+00, 2.828427e+00, 3.162278e+00, 3.464102e+00, 4.750000e+00, 4.750000e+00, 5.099020e+00, 6.324555e+00, 8.000000e+00, 1.000000e+01, 1.264911e+01, 1.549193e+01, 2.000000e+01, 2.529822e+01, 3.162278e+01, 4.242641e+01, 5.656854e+01, 7.483315e+01, 9.118760e+01, 1.000000e+02, 1.341641e+02, 1.788854e+02, 2.366432e+02, 3.162278e+02, 4.242641e+02, 5.656854e+02, 7.483315e+02, 1.000000e+03, 1.341641e+03, 1.788854e+03, 2.366432e+03, 3.162278e+03, 4.242641e+03, 5.656854e+03, 7.483315e+03, 1.000000e+04, 1.341641e+04, 1.788854e+04, 2.366432e+04, 3.162278e+04]
AlphaS_Vals: [4.517300e-01, 4.144833e-01, 3.886708e-01, 3.565346e-01, 3.565346e-01, 3.318976e-01, 3.103776e-01, 2.933429e-01, 2.781931e-01, 2.632620e-01, 2.511575e-01, 2.401774e-01, 2.319321e-01, 2.074733e-01, 2.074733e-01, 2.027063e-01, 1.895381e-01, 1.770699e-01, 1.667170e-01, 1.570938e-01, 1.496734e-01, 1.412995e-01, 1.344081e-01, 1.284782e-01, 1.214456e-01, 1.152897e-01, 1.098886e-01, 1.063766e-01, 1.048152e-01, 1.001405e-01, 9.596103e-02, 9.222520e-02, 8.865618e-02, 8.531540e-02, 8.228543e-02, 7.954210e-02, 7.688997e-02, 7.437941e-02, 7.207868e-02, 6.997591e-02, 6.792508e-02, 6.596729e-02, 6.415897e-02, 6.249430e-02, 6.085968e-02, 5.928893e-02, 5.782913e-02, 5.647761e-02, 5.514329e-02]
