SetDesc: "MMHT 2014 NNLO (68% C.L.): evolve with 3 flavours. This set has 51 member PDFs. mem=0 --> central value; mem=1-50 --> 20 eigenvector sets (+/- directions). Website: www.hep.ucl.ac.uk/mmht"
SetIndex: 25700
Authors: L.A. Harland-Lang, A. D. Martin, P. Motylinski and R. S. Thorne
Reference: arXiv:1510.02332
Format: lhagrid1
DataVersion: 2
NumMembers: 51
Particle: 2212
Flavors: [-3, -2, -1, 1, 2, 3, 21]
OrderQCD: 2
FlavorScheme: variable
NumFlavors: 3
ErrorType: hessian
XMin: 1e-06
XMax: 1
QMin: 1
QMax: 31622.8
MZ: 91.1876
MUp: 0
MDown: 0
MStrange: 0
MCharm: 1.4
MBottom: 4.75
MTop: 1e+10
AlphaS_MZ: 0.10569
AlphaS_OrderQCD: 2
AlphaS_Type: ipol
AlphaS_Qs: [1.000000e+00, 1.118034e+00, 1.224745e+00, 1.400000e+00, 1.400000e+00, 1.581139e+00, 1.788854e+00, 2.000000e+00, 2.236068e+00, 2.529822e+00, 2.828427e+00, 3.162278e+00, 3.464102e+00, 4.750000e+00, 4.750000e+00, 5.099020e+00, 6.324555e+00, 8.000000e+00, 1.000000e+01, 1.264911e+01, 1.549193e+01, 2.000000e+01, 2.529822e+01, 3.162278e+01, 4.242641e+01, 5.656854e+01, 7.483315e+01, 9.118760e+01, 1.000000e+02, 1.341641e+02, 1.788854e+02, 2.366432e+02, 3.162278e+02, 4.242641e+02, 5.656854e+02, 7.483315e+02, 1.000000e+03, 1.341641e+03, 1.788854e+03, 2.366432e+03, 3.162278e+03, 4.242641e+03, 5.656854e+03, 7.483315e+03, 1.000000e+04, 1.341641e+04, 1.788854e+04, 2.366432e+04, 3.162278e+04]
AlphaS_Vals: [4.679700e-01, 4.252741e-01, 3.964627e-01, 3.613616e-01, 3.613616e-01, 3.349579e-01, 3.122103e-01, 2.943905e-01, 2.786679e-01, 2.632776e-01, 2.508713e-01, 2.396675e-01, 2.312834e-01, 2.065447e-01, 2.065447e-01, 2.017440e-01, 1.885136e-01, 1.760246e-01, 1.656793e-01, 1.560807e-01, 1.486896e-01, 1.403581e-01, 1.335082e-01, 1.276181e-01, 1.206369e-01, 1.145292e-01, 1.091724e-01, 1.056900e-01, 1.041419e-01, 9.950768e-02, 9.536490e-02, 9.166215e-02, 8.812484e-02, 8.481376e-02, 8.181066e-02, 7.909154e-02, 7.646267e-02, 7.397393e-02, 7.169301e-02, 6.960815e-02, 6.757458e-02, 6.563306e-02, 6.383956e-02, 6.218834e-02, 6.056673e-02, 5.900828e-02, 5.755972e-02, 5.621843e-02, 5.489402e-02]
