SetDesc: "MMHT 2014 NLO (68% C.L.): evolve with 4 flavours maximum (but 5-flavour alpha_s). This set has 51 member PDFs. mem=0 --> central value; mem=1-50 --> 20 eigenvector sets (+/- directions). Website: www.hep.ucl.ac.uk/mmht"
SetIndex: 25520
Authors: L.A. Harland-Lang, A. D. Martin, P. Motylinski and R. S. Thorne
Reference: arXiv:1510.02332
Format: lhagrid1
DataVersion: 2
NumMembers: 51
Particle: 2212
Flavors: [-4, -3, -2, -1, 1, 2, 3, 4, 21]
OrderQCD: 1
FlavorScheme: variable
NumFlavors: 4
ErrorType: hessian
XMin: 1e-06
XMax: 1
QMin: 1
QMax: 31622.8
MZ: 91.1876
MUp: 0
MDown: 0
MStrange: 0
MCharm: 1.4
MBottom: 4.75
MTop: 1e+10
AlphaS_MZ: 0.118
AlphaS_OrderQCD: 1
AlphaS_Type: ipol
AlphaS_Qs: [1.000000e+00, 1.118034e+00, 1.224745e+00, 1.400000e+00, 1.400000e+00, 1.581139e+00, 1.788854e+00, 2.000000e+00, 2.236068e+00, 2.529822e+00, 2.828427e+00, 3.162278e+00, 3.464102e+00, 4.750000e+00, 4.750000e+00, 5.099020e+00, 6.324555e+00, 8.000000e+00, 1.000000e+01, 1.264911e+01, 1.549193e+01, 2.000000e+01, 2.529822e+01, 3.162278e+01, 4.242641e+01, 5.656854e+01, 7.483315e+01, 9.118760e+01, 1.000000e+02, 1.341641e+02, 1.788854e+02, 2.366432e+02, 3.162278e+02, 4.242641e+02, 5.656854e+02, 7.483315e+02, 1.000000e+03, 1.341641e+03, 1.788854e+03, 2.366432e+03, 3.162278e+03, 4.242641e+03, 5.656854e+03, 7.483315e+03, 1.000000e+04, 1.341641e+04, 1.788854e+04, 2.366432e+04, 3.162278e+04]
AlphaS_Vals: [4.517300e-01, 4.144833e-01, 3.886708e-01, 3.565346e-01, 3.565346e-01, 3.340632e-01, 3.141551e-01, 2.982122e-01, 2.838976e-01, 2.696652e-01, 2.580372e-01, 2.474198e-01, 2.394038e-01, 2.154093e-01, 2.154093e-01, 2.111377e-01, 1.991758e-01, 1.876285e-01, 1.778752e-01, 1.686740e-01, 1.614895e-01, 1.532877e-01, 1.464628e-01, 1.405358e-01, 1.334412e-01, 1.271728e-01, 1.216283e-01, 1.180004e-01, 1.163818e-01, 1.115150e-01, 1.071372e-01, 1.032028e-01, 9.942552e-02, 9.587327e-02, 9.263772e-02, 8.969698e-02, 8.684385e-02, 8.413382e-02, 8.164246e-02, 7.935894e-02, 7.712583e-02, 7.498852e-02, 7.300963e-02, 7.118391e-02, 6.938739e-02, 6.765760e-02, 6.604694e-02, 6.455315e-02, 6.307591e-02]
