SetDesc: "MMHT 2014 NLO (68% C.L.): evolve with 3 flavours. This set has 51 member PDFs. mem=0 --> central value; mem=1-50 --> 20 eigenvector sets (+/- directions). Website: www.hep.ucl.ac.uk/mmht"
SetIndex: 25400
Authors: L.A. Harland-Lang, A. D. Martin, P. Motylinski and R. S. Thorne
Reference: arXiv:1510.02332
Format: lhagrid1
DataVersion: 2
NumMembers: 51
Particle: 2212
Flavors: [-3, -2, -1, 1, 2, 3, 21]
OrderQCD: 1
FlavorScheme: variable
NumFlavors: 3
ErrorType: hessian
XMin: 1e-06
XMax: 1
QMin: 1
QMax: 31622.8
MZ: 91.1876
MUp: 0
MDown: 0
MStrange: 0
MCharm: 1.4
MBottom: 4.75
MTop: 1e+10
AlphaS_MZ: 0.107952
AlphaS_OrderQCD: 1
AlphaS_Type: ipol
AlphaS_Qs: [1.000000e+00, 1.118034e+00, 1.224745e+00, 1.400000e+00, 1.400000e+00, 1.581139e+00, 1.788854e+00, 2.000000e+00, 2.236068e+00, 2.529822e+00, 2.828427e+00, 3.162278e+00, 3.464102e+00, 4.750000e+00, 4.750000e+00, 5.099020e+00, 6.324555e+00, 8.000000e+00, 1.000000e+01, 1.264911e+01, 1.549193e+01, 2.000000e+01, 2.529822e+01, 3.162278e+01, 4.242641e+01, 5.656854e+01, 7.483315e+01, 9.118760e+01, 1.000000e+02, 1.341641e+02, 1.788854e+02, 2.366432e+02, 3.162278e+02, 4.242641e+02, 5.656854e+02, 7.483315e+02, 1.000000e+03, 1.341641e+03, 1.788854e+03, 2.366432e+03, 3.162278e+03, 4.242641e+03, 5.656854e+03, 7.483315e+03, 1.000000e+04, 1.341641e+04, 1.788854e+04, 2.366432e+04, 3.162278e+04]
AlphaS_Vals: [4.878000e-01, 4.440686e-01, 4.142219e-01, 3.775604e-01, 3.775604e-01, 3.498097e-01, 3.258110e-01, 3.069675e-01, 2.903194e-01, 2.740104e-01, 2.608591e-01, 2.489825e-01, 2.400966e-01, 2.138976e-01, 2.138976e-01, 2.088187e-01, 1.948340e-01, 1.816525e-01, 1.707506e-01, 1.606516e-01, 1.528866e-01, 1.441468e-01, 1.369722e-01, 1.308115e-01, 1.235204e-01, 1.171516e-01, 1.115739e-01, 1.079520e-01, 1.063431e-01, 1.015307e-01, 9.723390e-02, 9.339787e-02, 8.973716e-02, 8.631414e-02, 8.321253e-02, 8.040675e-02, 7.769642e-02, 7.513271e-02, 7.278492e-02, 7.064053e-02, 6.855036e-02, 6.655616e-02, 6.471521e-02, 6.302134e-02, 6.135882e-02, 5.976198e-02, 5.827855e-02, 5.690570e-02, 5.555080e-02]
