SetDesc: "MMHT 2014 LO (68% C.L.). mem=0 => central value; mem=1-50 => 25 eigenvector sets (+/- directions). See Section 6 of arXiv:0901.0002 for error calculation.Web address: www.hep.ucl.ac.uk/mmht"
SetIndex: 25000
Authors: L.A. Harland-Lang, A. D. Martin, P. Motylinski and R. S. Thorne
Reference: arXiv:1412.3989
Format: lhagrid1
DataVersion: 3
NumMembers: 51
Flavors: [-5, -4, -3, -2, -1, 1, 2, 3, 4, 5, 21]
OrderQCD: 0
FlavorScheme: variable
NumFlavors: 5
ErrorType: hessian
XMin: 1e-06
XMax: 1
QMin: 1
QMax: 31622.8
MZ: 91.1876
MUp: 0
MDown: 0
MStrange: 0
MCharm: 1.4
MBottom: 4.75
MTop: 1e+10
AlphaS_MZ: 0.135
AlphaS_OrderQCD: 0
AlphaS_Type: ipol
AlphaS_Qs: [1.000000e+00, 1.118034e+00, 1.224745e+00, 1.400000e+00, 1.400000e+00, 1.581139e+00, 1.788854e+00, 2.000000e+00, 2.236068e+00, 2.529822e+00, 2.828427e+00, 3.162278e+00, 3.464102e+00, 4.750000e+00, 4.750000e+00, 5.099020e+00, 6.324555e+00, 8.000000e+00, 1.000000e+01, 1.264911e+01, 1.549193e+01, 2.000000e+01, 2.529822e+01, 3.162278e+01, 4.242641e+01, 5.656854e+01, 7.483315e+01, 9.118760e+01, 1.000000e+02, 1.341641e+02, 1.788854e+02, 2.366432e+02, 3.162278e+02, 4.242641e+02, 5.656854e+02, 7.483315e+02, 1.000000e+03, 1.341641e+03, 1.788854e+03, 2.366432e+03, 3.162278e+03, 4.242641e+03, 5.656854e+03, 7.483315e+03, 1.000000e+04, 1.341641e+04, 1.788854e+04, 2.366432e+04, 3.162278e+04]
AlphaS_Vals: [5.883100e-01, 5.377504e-01, 5.024678e-01, 4.583487e-01, 4.583487e-01, 4.267815e-01, 3.989112e-01, 3.766762e-01, 3.567890e-01, 3.370998e-01, 3.210832e-01, 3.065196e-01, 2.955659e-01, 2.630168e-01, 2.630168e-01, 2.571650e-01, 2.408842e-01, 2.253207e-01, 2.122964e-01, 2.001144e-01, 1.906754e-01, 1.799802e-01, 1.711475e-01, 1.635272e-01, 1.544689e-01, 1.465240e-01, 1.395432e-01, 1.350000e-01, 1.329790e-01, 1.269263e-01, 1.215124e-01, 1.166721e-01, 1.120476e-01, 1.077194e-01, 1.037947e-01, 1.002423e-01, 9.680946e-02, 9.356135e-02, 9.058628e-02, 8.786869e-02, 8.521980e-02, 8.269269e-02, 8.036006e-02, 7.821414e-02, 7.610839e-02, 7.408637e-02, 7.220849e-02, 7.047115e-02, 6.875712e-02]
