SetDesc: "MMHT 2014 NNLO (68% C.L.): evolve with 4 flavours maximum. This set has 51 member PDFs. mem=0 --> central value; mem=1-50 --> 20 eigenvector sets (+/- directions). Website: www.hep.ucl.ac.uk/mmht"
SetIndex: 25710
Authors: L.A. Harland-Lang, A. D. Martin, P. Motylinski and R. S. Thorne
Reference: arXiv:1510.02332
Format: lhagrid1
DataVersion: 2
NumMembers: 51
Particle: 2212
Flavors: [-4, -3, -2, -1, 1, 2, 3, 4, 21]
OrderQCD: 2
FlavorScheme: variable
NumFlavors: 4
ErrorType: hessian
XMin: 1e-06
XMax: 1
QMin: 1
QMax: 31622.8
MZ: 91.1876
MUp: 0
MDown: 0
MStrange: 0
MCharm: 1.4
MBottom: 4.75
MTop: 1e+10
AlphaS_MZ: 0.112659
AlphaS_OrderQCD: 2
AlphaS_Type: ipol
AlphaS_Qs: [1.000000e+00, 1.118034e+00, 1.224745e+00, 1.400000e+00, 1.400000e+00, 1.581139e+00, 1.788854e+00, 2.000000e+00, 2.236068e+00, 2.529822e+00, 2.828427e+00, 3.162278e+00, 3.464102e+00, 4.750000e+00, 4.750000e+00, 5.099020e+00, 6.324555e+00, 8.000000e+00, 1.000000e+01, 1.264911e+01, 1.549193e+01, 2.000000e+01, 2.529822e+01, 3.162278e+01, 4.242641e+01, 5.656854e+01, 7.483315e+01, 9.118760e+01, 1.000000e+02, 1.341641e+02, 1.788854e+02, 2.366432e+02, 3.162278e+02, 4.242641e+02, 5.656854e+02, 7.483315e+02, 1.000000e+03, 1.341641e+03, 1.788854e+03, 2.366432e+03, 3.162278e+03, 4.242641e+03, 5.656854e+03, 7.483315e+03, 1.000000e+04, 1.341641e+04, 1.788854e+04, 2.366432e+04, 3.162278e+04]
AlphaS_Vals: [4.679700e-01, 4.252741e-01, 3.964627e-01, 3.613616e-01, 3.627561e-01, 3.387656e-01, 3.177267e-01, 3.010113e-01, 2.860961e-01, 2.713474e-01, 2.593532e-01, 2.484424e-01, 2.402293e-01, 2.157596e-01, 2.157596e-01, 2.109712e-01, 1.977094e-01, 1.851046e-01, 1.746013e-01, 1.648071e-01, 1.572340e-01, 1.486651e-01, 1.415949e-01, 1.354977e-01, 1.282501e-01, 1.218912e-01, 1.163004e-01, 1.126590e-01, 1.110386e-01, 1.061816e-01, 1.018320e-01, 9.793830e-02, 9.421330e-02, 9.072195e-02, 8.755155e-02, 8.467789e-02, 8.189687e-02, 7.926167e-02, 7.684446e-02, 7.463335e-02, 7.247511e-02, 7.041317e-02, 6.850725e-02, 6.675156e-02, 6.502644e-02, 6.336772e-02, 6.182524e-02, 6.039642e-02, 5.898504e-02]
