SetDesc: "MMHT 2014 NNLO (68% C.L.). mem=0 => central value; mem=1-50 => 25 eigenvector sets (+/- directions). See Section 6 of arXiv:0901.0002 for error calculation. Web address: www.hep.ucl.ac.uk/mmht"
SetIndex: 25300
Authors: L.A. Harland-Lang, A. D. Martin, P. Motylinski and R. S. Thorne
Reference: arXiv:1412.3989
Format: lhagrid1
DataVersion: 3
NumMembers: 51
Flavors: [-5, -4, -3, -2, -1, 1, 2, 3, 4, 5, 21]
OrderQCD: 2
FlavorScheme: variable
NumFlavors: 5
ErrorType: hessian
XMin: 1e-06
XMax: 1
QMin: 1
QMax: 31622.8
MZ: 91.1876
MUp: 0
MDown: 0
MStrange: 0
MCharm: 1.4
MBottom: 4.75
MTop: 1e+10
AlphaS_MZ: 0.118
AlphaS_OrderQCD: 2
AlphaS_Type: ipol
AlphaS_Qs: [1.000000e+00, 1.118034e+00, 1.224745e+00, 1.400000e+00, 1.400000e+00, 1.581139e+00, 1.788854e+00, 2.000000e+00, 2.236068e+00, 2.529822e+00, 2.828427e+00, 3.162278e+00, 3.464102e+00, 4.750000e+00, 4.750000e+00, 5.099020e+00, 6.324555e+00, 8.000000e+00, 1.000000e+01, 1.264911e+01, 1.549193e+01, 2.000000e+01, 2.529822e+01, 3.162278e+01, 4.242641e+01, 5.656854e+01, 7.483315e+01, 9.118760e+01, 1.000000e+02, 1.341641e+02, 1.788854e+02, 2.366432e+02, 3.162278e+02, 4.242641e+02, 5.656854e+02, 7.483315e+02, 1.000000e+03, 1.341641e+03, 1.788854e+03, 2.366432e+03, 3.162278e+03, 4.242641e+03, 5.656854e+03, 7.483315e+03, 1.000000e+04, 1.341641e+04, 1.788854e+04, 2.366432e+04, 3.162278e+04]
AlphaS_Vals: [4.679700e-01, 4.252741e-01, 3.964627e-01, 3.613616e-01, 3.627561e-01, 3.387656e-01, 3.177267e-01, 3.010113e-01, 2.860961e-01, 2.713474e-01, 2.593532e-01, 2.484424e-01, 2.402293e-01, 2.157596e-01, 2.160564e-01, 2.117319e-01, 1.996361e-01, 1.879784e-01, 1.781454e-01, 1.688793e-01, 1.616509e-01, 1.534055e-01, 1.465495e-01, 1.405988e-01, 1.334800e-01, 1.271936e-01, 1.216355e-01, 1.180000e-01, 1.163783e-01, 1.115031e-01, 1.071191e-01, 1.031801e-01, 9.939907e-02, 9.584403e-02, 9.260646e-02, 8.966431e-02, 8.681016e-02, 8.409946e-02, 8.160774e-02, 7.932409e-02, 7.709102e-02, 7.495390e-02, 7.297531e-02, 7.114996e-02, 6.935391e-02, 6.762464e-02, 6.601453e-02, 6.452130e-02, 6.304467e-02]
